
Average flood discharge per unit width: 6.266667 [m^2/s]
Average sediment volume feed per unit width during floods: 0.000050 [m^2/s]
Initial surface geometric mean size: 28.840015 [mm]
Substrate geometric mean size: 28.840015 [mm]
Mean annual sediment feed rate: 0.000343 [Mt/m/a]



Plot Data:

	elev(m)	S	Dsg(mm)	elev(m)	S	Dsg(mm)	Dlg(mm)	qbT/qbo	elev(m)	S	Dsg(mm)	Dlg(mm)	qbT/qbo	elev(m)	S	Dsg(mm)	Dlg(mm)	qbT/qbo	elev(m)	S	Dsg(mm)	Dlg(mm)	qbT/qbo	elev(m)	S	Dsg(mm)	Dlg(mm)	qbT/qbo	elev(m)	S	Dsg(mm)	Dlg(mm)	qbT/qbo	
x(m)	0yr	0yr	0yr	200yr	200yr	200yr	200yr	200yr	400yr	400yr	400yr	400yr	400yr	600yr	600yr	600yr	600yr	600yr	800yr	800yr	800yr	800yr	800yr	1000yr	1000yr	1000yr	1000yr	1000yr	1200yr	1200yr	1200yr	1200yr	1200yr	final w.s.

0	26.200	0.0026	28.840	15.428	0.0015	49.708	28.995	1.020	15.085	0.0015	49.725	28.981	1.002	15.037	0.0015	49.729	28.980	1.000	15.029	0.0015	49.729	28.980	1.000	15.028	0.0015	49.729	28.980	1.000	15.028	0.0015	49.729	28.980	1.000	16.75358
1000	23.580	0.0026	28.840	13.900	0.0015	49.434	28.868	1.039	13.564	0.0015	49.403	28.804	1.005	13.517	0.0015	49.392	28.793	1.001	13.509	0.0015	49.390	28.791	1.000	13.508	0.0015	49.390	28.791	1.000	13.507	0.0015	49.390	28.791	1.000	15.23568
2000	20.960	0.0026	28.840	12.367	0.0015	49.724	28.747	1.057	12.054	0.0015	49.598	28.619	1.007	12.010	0.0015	49.577	28.600	1.001	12.002	0.0015	49.574	28.597	1.000	12.001	0.0015	49.573	28.597	1.000	12.001	0.0015	49.573	28.597	1.000	13.73219
3000	18.340	0.0026	28.840	10.845	0.0015	49.714	28.751	1.074	10.555	0.0015	49.598	28.620	1.009	10.514	0.0015	49.569	28.598	1.002	10.507	0.0015	49.564	28.594	1.000	10.506	0.0015	49.563	28.593	1.000	10.505	0.0015	49.563	28.593	1.000	12.23711
4000	15.720	0.0026	28.840	9.300	0.0015	49.682	28.755	1.089	9.044	0.0015	49.579	28.619	1.011	9.008	0.0015	49.541	28.590	1.002	9.002	0.0015	49.535	28.586	1.000	9.001	0.0015	49.534	28.585	1.000	9.001	0.0015	49.534	28.585	1.000	10.73214
5000	13.100	0.0026	28.840	7.766	0.0015	49.667	28.759	1.103	7.543	0.0015	49.579	28.620	1.013	7.511	0.0015	49.540	28.590	1.002	7.506	0.0015	49.532	28.585	1.000	7.505	0.0015	49.530	28.584	1.000	7.505	0.0015	49.530	28.583	1.000	9.23625
6000	10.480	0.0026	28.840	6.212	0.0015	49.662	28.762	1.114	6.031	0.0015	49.583	28.621	1.014	6.005	0.0015	49.542	28.591	1.002	6.001	0.0015	49.534	28.585	1.000	6.000	0.0015	49.532	28.583	1.000	6.000	0.0015	49.532	28.583	1.000	7.73135
7000	7.860	0.0026	28.840	4.669	0.0016	49.660	28.765	1.122	4.528	0.0015	49.586	28.622	1.015	4.508	0.0015	49.543	28.591	1.002	4.505	0.0015	49.534	28.584	1.000	4.504	0.0015	49.532	28.583	1.000	4.504	0.0015	49.532	28.583	1.000	6.23537
8000	5.240	0.0026	28.840	3.109	0.0016	49.658	28.768	1.129	3.015	0.0015	49.587	28.624	1.017	3.002	0.0015	49.543	28.591	1.003	3.000	0.0015	49.533	28.585	1.001	2.999	0.0015	49.531	28.584	1.001	2.999	0.0015	49.531	28.583	1.001	4.73067
9000	2.620	0.0026	28.840	1.560	0.0016	49.677	28.771	1.127	1.511	0.0015	49.595	28.624	1.014	1.504	0.0015	49.547	28.591	1.001	1.503	0.0015	49.536	28.584	0.999	1.503	0.0015	49.533	28.582	0.998	1.503	0.0015	49.533	28.582	0.998	3.23431
10000	0.000	0.0026	28.840	0.000	0.0016	49.661	28.774	1.144	0.000	0.0015	49.589	28.627	1.023	0.000	0.0015	49.540	28.593	1.009	0.000	0.0015	49.529	28.586	1.006	0.000	0.0015	49.526	28.584	1.006	0.000	0.0015	49.526	28.584	1.006	1.73082


Hmax	Hend	taumax	tauend	dsgsmax	dsgsend	dsglmax	dsglend
4.69	1.73	0.09	0.03	48.74	50.38	36.83	16.64
4.71	1.73	0.09	0.03	50.14	49.30	34.43	12.88
4.73	1.73	0.09	0.03	49.51	49.55	33.93	13.46
4.73	1.73	0.09	0.03	49.50	49.57	34.12	13.74
4.73	1.73	0.09	0.03	49.54	49.54	34.13	13.68
4.73	1.73	0.09	0.03	49.54	49.53	34.11	13.63
4.73	1.73	0.09	0.03	49.53	49.53	34.10	13.64
4.73	1.73	0.09	0.03	49.53	49.53	34.11	13.65
4.73	1.73	0.09	0.03	49.53	49.53	34.11	13.65
4.73	1.73	0.09	0.03	49.53	49.53	34.11	13.65
4.73	1.73	0.09	0.03	49.52	49.53	34.12	13.64

grain size (mm)	feed		dsmaxflow	dsendflow	dslmaxflow	dslendflow
256.0		100.000		100.000		100.000		100.000		100.000
128.0		95.000		87.087		87.083		94.860		98.988
64.0		80.000		60.841		60.832		76.919		93.742
32.0		50.000		26.876		26.867		42.583		76.437
16.0		25.000		8.966		8.959		17.883		53.172
8.0		10.000		2.308		2.304		5.828		31.126
4.0		5.000		0.934		0.932		2.664		19.557
2.0		0.000		-0.000		-0.000		-0.000		0.000

Hydrograph:
time(days)	qw[m^2/s]	qbTo[m^2/s]	qbTf[m^2/s]
0.0		3.000000	0.000050	0.000000
1.0		3.000000	0.000050	0.000000
2.0		3.000000	0.000050	0.000000
3.0		3.000000	0.000050	0.000000
4.0		8.000000	0.000050	0.000043
5.0		8.000000	0.000050	0.000043
6.0		8.000000	0.000050	0.000043
7.0		16.000000	0.000050	0.000455
8.0		14.000000	0.000050	0.000310
9.0		11.000000	0.000050	0.000142
10.0		11.000000	0.000050	0.000142
11.0		9.000000	0.000050	0.000068
12.0		9.000000	0.000050	0.000068
13.0		9.000000	0.000050	0.000068
14.0		7.000000	0.000050	0.000025
15.0		7.000000	0.000050	0.000025
16.0		7.000000	0.000050	0.000025
17.0		6.000000	0.000050	0.000012
18.0		6.000000	0.000050	0.000012
19.0		6.000000	0.000050	0.000012
20.0		6.000000	0.000050	0.000012
21.0		3.250000	0.000050	0.000000
22.0		3.250000	0.000050	0.000000
23.0		3.250000	0.000050	0.000000
24.0		3.250000	0.000050	0.000000
25.0		3.000000	0.000050	0.000000
26.0		3.000000	0.000050	0.000000
27.0		3.000000	0.000050	0.000000
28.0		3.000000	0.000050	0.000000
29.0		3.000000	0.000050	0.000000
