
Hs	tausg	U	Gamma	H	qw	tau	ratio	Fr	u*	u*s	qb	Cz	kc	Zu	E	I	qs	qt	qb/qt	vs/ku
0.600000	0.088583	0.403604	0.026706	0.654484	0.264152	0.096626	0.916753	0.159284	0.018166	0.017394	0.000001	22.217217	0.994869	1.642561	0.000007	0.216376	0.000000	0.000001	0.931781	3.295431
0.700000	0.103346	0.447287	0.040041	1.092540	0.488679	0.161300	0.640709	0.136626	0.023471	0.018787	0.000001	19.056870	5.879126	1.774169	0.000010	0.217250	0.000000	0.000001	0.886918	2.550603
0.800000	0.118110	0.488931	0.054343	1.588013	0.776429	0.234450	0.503774	0.123876	0.028297	0.020085	0.000002	17.278441	17.405006	1.896666	0.000014	0.233371	0.000000	0.000002	0.823755	2.115605
0.900000	0.132874	0.528871	0.069446	2.128076	1.125477	0.314184	0.422917	0.115750	0.032757	0.021303	0.000002	16.145063	36.702461	2.011718	0.000019	0.256807	0.000001	0.000003	0.744418	1.827545
1.000000	0.147638	0.567354	0.085241	2.704320	1.534307	0.399259	0.369779	0.110152	0.036927	0.022455	0.000003	15.364176	63.741151	2.120537	0.000024	0.284313	0.000002	0.000005	0.654615	1.621185
1.100000	0.162401	0.604574	0.101646	3.310892	2.001679	0.488812	0.332237	0.106082	0.040859	0.023551	0.000004	14.796566	97.928912	2.224038	0.000031	0.314244	0.000003	0.000008	0.561863	1.465174
1.200000	0.177165	0.640681	0.118601	3.943527	2.526543	0.582213	0.304296	0.103007	0.044592	0.024598	0.000005	14.367572	138.476049	2.322932	0.000039	0.345644	0.000006	0.000011	0.473107	1.342515
1.300000	0.191929	0.675798	0.136055	4.599001	3.107994	0.678985	0.282670	0.100612	0.048156	0.025603	0.000006	14.033589	184.574665	2.417784	0.000047	0.377908	0.000010	0.000016	0.393105	1.243168
1.400000	0.206693	0.710024	0.153971	5.274803	3.745237	0.778759	0.265413	0.098704	0.051573	0.026569	0.000008	13.767461	235.475658	2.509053	0.000057	0.410631	0.000016	0.000023	0.324103	1.160803
1.500000	0.221456	0.743444	0.172313	5.968928	4.437566	0.881238	0.251301	0.097155	0.054861	0.027502	0.000009	13.551404	290.515300	2.597117	0.000067	0.443532	0.000024	0.000033	0.266372	1.091223
1.600000	0.236220	0.776130	0.191056	6.679742	5.184347	0.986181	0.239530	0.095878	0.058036	0.028404	0.000010	13.373295	349.118632	2.682291	0.000079	0.476412	0.000037	0.000047	0.219003	1.031530
1.700000	0.250984	0.808141	0.210174	7.405891	5.985002	1.093387	0.229547	0.094812	0.061109	0.029278	0.000012	13.224591	410.793109	2.764842	0.000092	0.509126	0.000053	0.000065	0.180572	0.979655
1.800000	0.265748	0.839530	0.229646	8.146233	6.839004	1.202690	0.220961	0.093912	0.064091	0.030127	0.000013	13.099103	475.118852	2.844999	0.000106	0.541570	0.000075	0.000088	0.149554	0.934078
1.900000	0.280511	0.870342	0.249455	8.899796	7.745869	1.313944	0.213488	0.093146	0.066989	0.030952	0.000015	12.992239	541.738413	2.922959	0.000122	0.573668	0.000104	0.000119	0.124547	0.893659
