

Plot Data:

	elev(m)	Dsg(mm)	elev(m)	Dsg(mm)	qbT/qbf	elev(m)	Dsg(mm)	qbT/qbf	elev(m)	Dsg(mm)	qbT/qbf	elev(m)	Dsg(mm)	qbT/qbf	elev(m)	Dsg(mm)	qbT/qbf	elev(m)	Dsg(mm)	qbT/qbf	
x(m)	0yr	0yr	40yr	40yr	40yr	80yr	80yr	80yr	120yr	120yr	120yr	160yr	160yr	160yr	200yr	200yr	200yr	240yr	240yr	240yr	final w.s.

0	103.00	28.84	81.28	55.81	1.82	73.33	58.14	1.44	68.82	59.44	1.26	66.12	60.22	1.16	64.45	60.66	1.10	63.34	60.93	1.07	65.54678
800	99.00	28.84	78.82	51.62	2.63	70.94	55.37	1.89	66.47	57.60	1.52	63.79	59.01	1.32	62.13	59.86	1.20	61.03	60.37	1.14	63.23379
1600	95.00	28.84	76.15	48.45	3.43	68.40	53.05	2.32	64.01	55.98	1.78	61.39	57.89	1.47	59.77	59.10	1.30	58.69	59.84	1.21	60.88780
2400	91.00	28.84	73.54	46.01	4.22	65.89	51.02	2.75	61.57	54.51	2.03	59.01	56.86	1.62	57.41	58.37	1.40	56.36	59.32	1.27	58.54538
3200	87.00	28.84	70.74	44.17	4.99	63.25	49.30	3.17	59.05	53.20	2.27	56.56	55.92	1.77	55.01	57.69	1.50	53.99	58.82	1.34	56.17243
4000	83.00	28.84	68.01	42.80	5.75	60.66	47.83	3.58	56.55	52.00	2.51	54.12	55.04	1.92	52.62	57.04	1.59	51.62	58.34	1.40	53.80578
4800	79.00	28.84	65.10	41.83	6.49	57.95	46.57	3.98	53.97	50.92	2.74	51.63	54.23	2.05	50.19	56.44	1.68	49.23	57.89	1.46	51.41062
5600	75.00	28.84	62.25	41.11	7.20	55.30	45.48	4.37	51.42	49.94	2.96	49.16	53.48	2.19	47.77	55.88	1.76	46.85	57.46	1.52	49.02400
6400	71.00	28.84	59.22	40.56	7.89	52.53	44.56	4.74	48.79	49.07	3.17	46.64	52.79	2.31	45.32	55.35	1.84	44.44	57.06	1.57	46.61062
7200	67.00	28.84	56.25	40.14	8.54	49.82	43.78	5.11	46.21	48.29	3.38	44.14	52.14	2.43	42.88	54.86	1.92	42.04	56.68	1.63	44.20775
8000	63.00	28.84	53.11	39.81	9.16	47.00	43.12	5.46	43.55	47.59	3.58	41.59	51.55	2.55	40.40	54.40	1.99	39.61	56.33	1.68	41.77967
8800	59.00	28.84	50.04	39.55	9.75	44.24	42.57	5.79	40.93	46.96	3.76	39.07	51.00	2.66	37.94	53.97	2.06	37.20	55.99	1.72	39.36390
9600	55.00	28.84	46.80	39.31	10.30	41.37	42.12	6.11	38.25	46.39	3.94	36.51	50.50	2.76	35.45	53.58	2.13	34.76	55.68	1.77	36.92430
10400	51.00	28.84	43.65	39.11	10.81	38.56	41.75	6.41	35.60	45.87	4.11	33.97	50.04	2.86	32.98	53.21	2.19	32.34	55.39	1.81	34.49867
11200	47.00	28.84	40.33	38.94	11.29	35.64	41.45	6.68	32.89	45.42	4.26	31.39	49.63	2.94	30.48	52.87	2.24	29.89	55.12	1.85	32.05047
12000	43.00	28.84	37.10	38.78	11.72	32.79	41.18	6.94	30.23	45.01	4.41	28.84	49.25	3.03	28.00	52.56	2.30	27.46	54.87	1.88	29.61776
12800	39.00	28.84	33.71	38.65	12.12	29.82	40.97	7.17	27.50	44.65	4.54	26.24	48.92	3.10	25.49	52.27	2.34	25.01	54.64	1.91	27.16364
13600	35.00	28.84	30.42	38.53	12.47	26.93	40.78	7.38	24.82	44.34	4.66	23.68	48.61	3.17	23.01	52.01	2.38	22.57	54.42	1.94	24.72646
14400	31.00	28.84	26.99	38.43	12.78	23.93	40.63	7.56	22.08	44.07	4.77	21.08	48.34	3.22	20.49	51.77	2.42	20.12	54.23	1.97	22.26897
15200	27.00	28.84	23.66	38.35	13.06	21.00	40.50	7.72	19.39	43.83	4.86	18.52	48.10	3.27	18.00	51.56	2.45	17.68	54.05	1.99	19.82980
16000	23.00	28.84	20.18	38.28	13.28	17.98	40.40	7.86	16.63	43.63	4.94	15.91	47.89	3.32	15.49	51.36	2.48	15.22	53.90	2.00	17.37140
16800	19.00	28.84	16.81	38.23	13.47	15.03	40.31	7.96	13.93	43.46	5.00	13.34	47.70	3.35	13.00	51.19	2.50	12.78	53.76	2.02	14.93262
17600	15.00	28.84	13.31	38.19	13.62	11.99	40.25	8.05	11.17	43.33	5.05	10.74	47.55	3.38	10.48	51.04	2.52	10.32	53.64	2.03	12.47574
18400	11.00	28.84	9.93	38.15	13.67	9.03	40.20	8.09	8.47	43.21	5.08	8.17	47.41	3.39	8.00	50.91	2.53	7.89	53.52	2.04	10.03943
19200	7.00	28.84	6.42	38.15	13.87	5.99	40.19	8.19	5.71	43.15	5.13	5.57	47.33	3.42	5.49	50.82	2.54	5.44	53.45	2.04	7.58719
20000	3.00	28.84	3.00	38.08	13.45	3.00	40.12	7.99	3.00	43.05	5.03	3.00	47.18	3.38	3.00	50.68	2.52	3.00	53.32	2.04	5.15335


Substrate distribution and
final distribution at node 1:

Di (mm)		Ffs		pfeed		Ff
256.000000	100.000000	100.000000	100.000000
128.000000	95.000000	95.002353	78.278603
64.000000	80.000000	80.003950	48.875407
32.000000	50.000000	50.003413	20.061642
16.000000	25.000000	25.001891	6.961459
8.000000	10.000000	10.000715	2.044040
4.000000	5.000000	5.000337	0.874342
2.000000	0.000000	-0.000000	-0.000000
1.000000	0.000000	-0.000000	-0.000000
0.500000	0.000000	-0.000000	-0.000000
0.250000	0.000000	-0.000000	-0.000000
0.125000	0.000000	-0.000000	-0.000000
